-1 0.078666
-0.979798 0.817399
-0.959596 0.00388508
-0.939394 0.509324
-0.919192 0.524989
-0.89899 0.0449742
-0.878788 0.989277
-0.858586 0.444831
-0.838384 0.447877
-0.818182 0.318207
-0.79798 0.316435
-0.777778 0.186703
-0.757576 0.320166
-0.737374 0.123547
-0.717172 0.264872
-0.69697 0.189345
-0.676768 0.833934
-0.656566 0.894107
-0.636364 0.774539
-0.616162 0.645428
-0.59596 0.864642
-0.575758 0.00456896
-0.555556 0.728911
-0.535354 0.819078
-0.515152 0.108068
-0.49495 0.301796
-0.474747 0.553118
-0.454545 0.545441
-0.434343 0.310499
-0.414141 0.430161
-0.393939 0.302387
-0.373737 1
-0.353535 0.541742
-0.333333 0.992602
-0.313131 0.147572
-0.292929 0.314198
-0.272727 0.800616
-0.252525 0.990737
-0.232323 0.488562
-0.212121 0.491297
-0.191919 0.235719
-0.171717 0.234164
-0.151515 0.454684
-0.131313 0.829893
-0.111111 0.197893
-0.0909091 0.495058
-0.0707071 0.170448
-0.050505 0.419842
-0.030303 0.444178
-0.010101 0.728663
0.010101 0.453347
0.030303 0.194847
0.050505 0.745944
0.0707071 0.523062
0.0909091 0.229937
0.111111 0.626592
0.131313 0.295518
0.151515 0.989183
0.171717 0.613912
0.191919 0.821159
0.212121 0.0343756
0.232323 0.957916
0.252525 0.655312
0.272727 0.195748
0.292929 0.29729
0.313131 0.101883
0.333333 0.833561
0.353535 0.347952
0.373737 0.932647
0.393939 0.738111
0.414141 0.32259
0.434343 0.148163
0.454545 0.366818
0.474747 0.578324
0.494949 0.0263567
0.515152 0
0.535354 0.773015
0.555556 0.773544
0.575758 0.468515
0.59596 0.151115
0.616162 0.535525
0.636364 0.132374
0.656566 0.423975
0.676768 0.852023
0.69697 0.520576
0.717172 0.878194
0.737374 0.652639
0.757576 0.447909
0.777778 0.252502
0.79798 0.897961
0.818182 0.291291
0.838384 0.220239
0.858586 0.321502
0.878788 0.903928
0.89899 0.448033
0.919192 0.859235
0.939394 0.361969
0.959596 0.441909
0.979798 0.518555
1 0.402996
