0.078666
0.817399
0.00388508
0.509324
0.524989
0.0449742
0.989277
0.444831
0.447877
0.318207
0.316435
0.186703
0.320166
0.123547
0.264872
0.189345
0.833934
0.894107
0.774539
0.645428
0.864642
0.00456896
0.728911
0.819078
0.108068
0.301796
0.553118
0.545441
0.310499
0.430161
0.302387
1
0.541742
0.992602
0.147572
0.314198
0.800616
0.990737
0.488562
0.491297
0.235719
0.234164
0.454684
0.829893
0.197893
0.495058
0.170448
0.419842
0.444178
0.728663
0.453347
0.194847
0.745944
0.523062
0.229937
0.626592
0.295518
0.989183
0.613912
0.821159
0.0343756
0.957916
0.655312
0.195748
0.29729
0.101883
0.833561
0.347952
0.932647
0.738111
0.32259
0.148163
0.366818
0.578324
0.0263567
0
0.773015
0.773544
0.468515
0.151115
0.535525
0.132374
0.423975
0.852023
0.520576
0.878194
0.652639
0.447909
0.252502
0.897961
0.291291
0.220239
0.321502
0.903928
0.448033
0.859235
0.361969
0.441909
0.518555
0.402996
